/giveart <artifactld> <mainPropld> <appendPropld>, <times> level
/giveart <圣遗物ID> <主词条ID> <副词条ID>,<副词条等级> <圣遗物等级>——圣遗物等级填21为满级
                                                                                  I———————————副词条等级相加等于9时达到官服副词条极限，即初始带4副词条+升级突破5次获得的副词条

/spawn 24010301 1 100召唤遗迹重机进行伤害测试

/spawn 21010201 20 100召唤遗丘丘人进行伤害测试

神里绫人（水套+波乱月白经津）
/give 11510 1 90 5
/giveart 98544 10001 501054,1 501064,1 501204,1 501224,6 21
/giveart 98524 10003 501064,1 501244,1 501204,1 501224,6 21
/giveart 98554 10004 501054,1 501244,1 501204,1 501224,6 21
/giveart 98514 15011 501054,1 501064,1 501204,1 501224,6 21
/giveart 98534 30950 501054,1 501064,1 501244,1 501204,6 21

魈（辰砂套+和璞鸢）
/give 13505 1 90 5
/giveart 97544 10001 501054,1 501064,1 501204,1 501224,6 21
/giveart 97524 10003 501064,1 501244,1 501204,1 501224,6 21
/giveart 97554 10004 501054,1 501244,1 501204,1 501224,6 21
/giveart 97514 15012 501054,1 501064,1 501204,1 501224,6 21
/giveart 97534 30950 501054,1 501064,1 501244,1 501204,6 21

温迪（风套+终末嗟叹之诗）
/give 15503 1 90 5
/giveart 76544 10001 501054,1 501064,1 501204,6 501224,1 21
/giveart 76524 10003 501064,1 501244,1 501204,1 501224,6 21
/giveart 76554 10004 501054,1 501244,1 501204,1 501224,6 21
/giveart 76514 15012 501054,1 501064,1 501204,1 501224,6 21
/giveart 76534 30950 501054,1 501064,1 501244,1 501204,6 21

雷电将军（绝缘套+薙草之稻光）
/give 13509 1 90 5
/giveart 94544 10001 501234,1 501064,1 501204,6 501224,1 21
/giveart 94524 10003 501064,1 501234,1 501204,1 501224,6 21
/giveart 94554 10007 501054,1 501064,1 501204,1 501224,6 21
/giveart 94514 15009 501054,1 501064,1 501204,1 501224,6 21
/giveart 94534 30950 501054,1 501064,1 501234,1 501204,6 21

荒龙一斗（华馆套+赤角石溃杵）
/give 12510 1 90 5
/giveart 95544 10001 501094,1 501064,1 501204,1 501224,6 21
/giveart 95524 10003 501094,1 501064,1 501204,1 501224,6 21
/giveart 95554 10006 501054,1 501064,1 501204,1 501224,6 21
/giveart 95514 15013 501094,1 501064,1 501204,1 501224,6 21
/giveart 95534 30950 501094,1 501064,1 501244,1 501204,6 21

八重神子（平雷套+神乐之真意）
/give 14509 1 90 5
/giveart 72544 10001 501054,1 501064,1 501204,1 501224,6 21
/giveart 72524 10003 501064,1 501244,1 501204,1 501224,6 21
/giveart 72554 10004 501054,1 501244,1 501204,1 501224,6 21
/giveart 72514 15009 501054,1 501064,1 501204,1 501224,6 21
/giveart 72534 30950 501054,1 501064,1 501244,1 501204,6 21

优菈（苍白套+松籁响起之时）
/give 12503 1 90 5
/giveart 92544 10001 501054,1 501064,1 501204,6 501224,1 21
/giveart 92524 10003 501064,1 501244,1 501204,1 501224,6 21
/giveart 92554 10004 501054,1 501244,1 501204,1 501224,6 21
/giveart 92514 15015 501054,1 501064,1 501204,1 501224,6 21
/giveart 92534 30950 501054,1 501064,1 501244,1 501204,6 21

刻晴（平雷套+雾切之回光）
/give 11509 1 90 5
/giveart 72544 10001 501054,9 501064,9 501204,9 501224,9 21
/giveart 72524 10003 501064,9 501244,9 501204,9 501224,9 21
/giveart 72554 10004 501054,9 501244,9 501204,9 501224,9 21
/giveart 72514 15009 501054,9 501064,9 501204,9 501224,9 21
/giveart 72534 30950 501054,9 501064,9 501244,9 501204,9 21

阿贝多（华馆套+辰砂之纺锤）
/give 11415 1 90 5
/giveart 95544 10001 501064,1 501094,1 501204,6 501224,1 21
/giveart 95524 10003 501064,1 501094,1 501204,1 501224,6 21
/giveart 95554 10006 501084,1 501064,1 501204,1 501224,6 21
/giveart 95514 15013 501094,1 501064,1 501204,1 501224,6 21
/giveart 95534 30950 501084,1 501094,1 501064,1 501204,6 21

钟离（千岩套+和璞鸢）
/give 13505 1 90 5
/giveart 91544 10001 501054,1 501064,1 501204,6 501224,1 21
/giveart 91524 10003 501064,1 501244,1 501204,1 501224,6 21
/giveart 91554 10002 501054,1 501064,1 501204,1 501224,6 21
/giveart 91514 15013 501054,1 501064,1 501204,1 501224,6 21
/giveart 91534 30950 501054,1 501064,1 501244,1 501204,6 21

钟离2（血牛套+黑缨枪=65810生命值）
/give 13303 1 90 5
/giveart 91544 10001 501034,6 501064,1 501204,1 501224,1 21
/giveart 91524 10003 501024,1 501034,6 501204,1 501224,1 21
/giveart 91554 10002 501024,6 501064,1 501204,1 501224,1 21
/giveart 91514 10002 501024,6 501064,1 501204,1 501224,1 21
/giveart 91534 10002 501024,6 501064,1 501204,1 501224,1 21

琴（风套+雾切之回光）
/give 11509 1 90 5
/giveart 76544 10001 501054,1 501064,1 501204,6 501224,1 21
/giveart 76524 10003 501064,1 501244,1 501204,1 501224,6 21
/giveart 76554 10004 501054,1 501244,1 501204,1 501224,6 21
/giveart 76514 15012 501054,1 501064,1 501204,1 501224,6 21
/giveart 76534 30950 501054,1 501064,1 501244,1 501204,6 21

万叶（风套+苍古自由之誓）
/give 11503 1 90 5
/giveart 76544 10001 501064,1 501244,6 501204,1 501224,1 21
/giveart 76524 10003 501064,1 501244,6 501204,1 501224,1 21
/giveart 76554 10008 501054,1 501064,1 501204,1 501224,6 21
/giveart 76514 10008 501054,1 501064,1 501204,6 501224,1 21
/giveart 76534 10008 501054,1 501064,1 501204,6 501224,1 21

申鹤（二角斗士+二追忆+息灾）
/give 13507 1 90 5
/giveart 75514 10001 501054,1 501064,1 501204,6 501224,1 21
/giveart 75524 10003 501064,1 501244,1 501204,6 501224,1 21
/giveart 93554 10004 501054,1 501244,1 501204,1 501224,6 21
/giveart 93514 10004 501054,1 501244,1 501204,1 501224,6 21
/giveart 93534 10004 501054,1 501244,1 501204,1 501224,6 21

神里绫华（冰套+雾切之回光）
/give 11509 1 90 5
/giveart 71544 10001 501054,1 501064,1 501204,1 501224,6 21
/giveart 71524 10003 501064,1 501244,1 501204,1 501224,6 21
/giveart 71554 10004 501054,1 501244,1 501204,1 501224,6 21
/giveart 71514 15010 501054,1 501064,1 501204,1 501224,6 21
/giveart 71534 30950 501054,1 501064,1 501244,1 501204,6 21

珊瑚宫心海（海染套+不灭月华）
/give 14506 1 90 5
/giveart 96544 10001 501054,1 501064,1 501244,1 501034,6 21
/giveart 96524 10003 501064,1 501244,1 501024,1 501034,6 21
/giveart 96554 10002 501054,1 501064,1 501244,1 501024,6 21
/giveart 96514 15011 501054,1 501064,1 501244,1 501034,6 21
/giveart 96534 10002 501054,1 501064,1 501244,1 501024,6 21

宵宫（来歆套+飞雷之弦振）
/give 15509 1 90 5
/giveart 98544 10001 501054,1 501064,1 501204,1 501224,6 21
/giveart 98524 10003 501064,1 501244,1 501204,1 501224,6 21
/giveart 98554 10004 501054,1 501244,1 501204,1 501224,6 21
/giveart 98514 15008 501054,1 501064,1 501204,1 501224,6 21
/giveart 98534 30950 501054,1 501064,1 501244,1 501204,6 21

宵宫2（追忆套+飞雷之弦振）
/give 15509 1 90 5
/giveart 93544 10001 501054,1 501064,1 501204,1 501224,6 21
/giveart 93524 10003 501064,1 501244,1 501204,1 501224,6 21
/giveart 93554 10004 501054,1 501244,1 501204,1 501224,6 21
/giveart 93514 15008 501054,1 501064,1 501204,1 501224,6 21
/giveart 93534 30950 501054,1 501064,1 501244,1 501204,6 21

班尼特（宗室套+雾切之回光）
/give 11509 1 90 5
/giveart 81544 10001 501054,1 501064,1 501204,6 501224,1 21
/giveart 81524 10003 501064,1 501244,1 501204,1 501224,6 21
/giveart 81554 10004 501054,1 501244,1 501204,1 501224,6 21
/giveart 81514 15008 501054,1 501064,1 501204,1 501224,6 21
/giveart 81534 30950 501054,1 501064,1 501244,1 501204,6 21

胡桃（魔女套+和璞鸢）
/give 13505 1 90 5
/giveart 80544 10001 501244,1 501064,1 501204,6 501224,1 21
/giveart 80524 10003 501064,1 501244,1 501204,1 501224,6 21
/giveart 80554 10002 501054,1 501244,1 501204,1 501224,6 21
/giveart 80514 15008 501244,6 501064,1 501204,1 501224,1 21
/giveart 80534 30950 501054,1 501064,1 501244,1 501204,6 21

迪卢克（魔女套+狼的末路）
/give 12502 1 90 5
/giveart 80544 10001 501244,2 501064,1 501204,1 501224,4 21
/giveart 80524 10003 501064,1 501244,1 501204,1 501224,6 21
/giveart 80554 10004 501054,1 501244,1 501204,1 501224,6 21
/giveart 80514 15008 501244,1 501064,1 501204,1 501224,6 21
/giveart 80534 30950 501054,1 501064,1 501244,1 501204,6 21

香菱（魔女套）
/giveart 80544 10001 501244,2 501064,1 501204,1 501224,4 21
/giveart 80524 10003 501064,1 501244,1 501204,1 501224,6 21
/giveart 80554 10004 501054,1 501244,1 501204,1 501224,6 21
/giveart 80514 15008 501244,1 501064,1 501204,1 501224,6 21
/giveart 80534 30950 501054,1 501064,1 501244,1 501204,6 21

香菱2（绝缘套+薙草之稻光）
/give 13509 1 90 5
/giveart 94544 10001 501234,1 501064,1 501204,6 501224,1 21
/giveart 94524 10003 501064,1 501234,1 501204,1 501224,6 21
/giveart 94554 10007 501054,1 501064,1 501204,1 501224,6 21
/giveart 94514 15008 501054,1 501064,1 501204,1 501224,6 21
/giveart 94534 30950 501054,1 501064,1 501234,1 501204,6 21

莫娜（宗室套）
/giveart 81544 10001 501054,1 501064,1 501204,6 501224,1 21
/giveart 81524 10003 501064,1 501244,1 501204,1 501224,6 21
/giveart 81554 10004 501054,1 501244,1 501204,1 501224,6 21
/giveart 81514 15011 501054,1 501064,1 501204,1 501224,6 21
/giveart 81534 30950 501054,1 501064,1 501244,1 501204,6 21

行秋（水套）
/giveart 90544 10001 501054,1 501064,1 501204,6 501224,1 21
/giveart 90524 10003 501064,1 501244,1 501204,1 501224,6 21
/giveart 90554 10004 501054,1 501244,1 501204,1 501224,6 21
/giveart 90514 15011 501054,1 501064,1 501204,1 501224,6 21
/giveart 90534 30950 501054,1 501064,1 501244,1 501204,6 21

可莉（魔女套）
/giveart 80544 10001 501244,1 501064,1 501204,6 501224,1 21
/giveart 80524 10003 501064,1 501244,1 501204,1 501224,6 21
/giveart 80554 10004 501054,1 501244,1 501204,1 501224,6 21
/giveart 80514 15008 501244,6 501064,1 501204,1 501224,1 21
/giveart 80534 30950 501054,1 501064,1 501244,1 501204,6 21

达达利亚（水套+冬极白星）
/give 15507 1 90 5
/giveart 90544 10001 501054,1 501064,1 501204,1 501224,6 21
/giveart 90524 10003 501064,1 501244,1 501204,1 501224,6 21
/giveart 90554 10004 501054,1 501244,1 501204,1 501224,6 21
/giveart 90514 15011 501054,1 501064,1 501204,1 501224,6 21
/giveart 90534 30950 501054,1 501064,1 501244,1 501204,6 21

七七（海染套）
/giveart 96544 10001 501054,1 501064,1 501204,6 501224,1 21
/giveart 96524 10003 501064,1 501244,1 501204,1 501224,6 21
/giveart 96554 10004 501054,1 501244,1 501204,1 501224,6 21
/giveart 96514 15010 501054,1 501064,1 501204,1 501224,6 21
/giveart 96534 30950 501054,1 501064,1 501244,1 501204,6 21

甘雨（冰套+阿莫斯之弓）
/give 15502 1 90 5
/giveart 71544 10001 501054,1 501064,1 501204,1 501224,6 21
/giveart 71524 10003 501064,1 501244,1 501204,1 501224,6 21
/giveart 71554 10004 501054,1 501244,1 501204,1 501224,6 21
/giveart 71514 15010 501054,1 501064,1 501204,1 501224,6 21
/giveart 71534 30950 501054,1 501064,1 501244,1 501204,6 21

甘雨2（乐团套+阿莫斯之弓）
/give 15502 1 90 5
/giveart 77544 10001 501054,1 501064,1 501204,6 501224,1 21
/giveart 77524 10003 501064,1 501244,1 501204,6 501224,1 21
/giveart 77554 10004 501054,1 501244,1 501204,1 501224,6 21
/giveart 77514 15010 501054,1 501064,1 501204,1 501224,6 21
/giveart 77534 30950 501054,1 501064,1 501244,6 501204,1 21

云堇（华馆套）
/giveart 95544 10001 501094,1 501064,1 501204,6 501224,1 21
/giveart 95524 10003 501064,1 501094,1 501204,1 501224,6 21
/giveart 95554 10006 501084,1 501064,1 501204,1 501224,6 21
/giveart 95514 15013 501094,1 501064,1 501204,1 501224,6 21
/giveart 95534 30950 501084,1 501094,1 501064,1 501204,6 21

五郎（华馆套）
/giveart 95544 10001 501094,1 501064,1 501204,6 501224,1 21
/giveart 95524 10003 501064,1 501094,1 501204,1 501224,6 21
/giveart 95554 10006 501084,1 501064,1 501204,1 501224,6 21
/giveart 95514 15013 501094,1 501064,1 501204,1 501224,6 21
/giveart 95534 30950 501084,1 501094,1 501064,1 501204,6 21

罗莎莉亚（宗室套）
/giveart 81544 10001 501054,1 501064,1 501204,6 501224,1 21
/giveart 81524 10003 501064,1 501244,1 501204,1 501224,6 21
/giveart 81554 10004 501054,1 501244,1 501204,1 501224,6 21
/giveart 81514 15010 501054,1 501064,1 501204,1 501224,6 21
/giveart 81534 30950 501054,1 501064,1 501244,1 501204,6 21

砂糖（风套）
/giveart 76544 10001 501064,1 501244,6 501204,1 501224,1 21
/giveart 76524 10003 501064,1 501244,6 501204,1 501224,1 21
/giveart 76554 10008 501054,1 501064,1 501204,1 501224,6 21
/giveart 76514 10008 501054,1 501064,1 501204,6 501224,1 21
/giveart 76534 10008 501054,1 501064,1 501204,6 501224,1 21

迪奥娜（千岩套）
/giveart 91544 10001 501054,1 501064,1 501204,6 501224,1 21
/giveart 91524 10003 501064,1 501244,1 501204,1 501224,6 21
/giveart 91554 10002 501054,1 501064,1 501204,1 501224,6 21
/giveart 91514 15010 501054,1 501064,1 501204,1 501224,6 21
/giveart 91534 30950 501054,1 501064,1 501244,1 501204,6 21

迪奥娜2（血牛套+反曲弓能=46504生命值）
/give 15303 1 90 5
/giveart 91544 10001 501034,6 501064,1 501204,1 501224,1 21
/giveart 91524 10003 501024,1 501034,6 501204,1 501224,1 21
/giveart 91554 10002 501024,6 501064,1 501204,1 501224,1 21
/giveart 91514 10002 501024,6 501064,1 501204,1 501224,1 21
/giveart 91534 10002 501024,6 501064,1 501204,1 501224,1 21

重云（宗室套）
/giveart 81544 10001 501054,1 501064,1 501204,6 501224,1 21
/giveart 81524 10003 501064,1 501244,1 501204,1 501224,6 21
/giveart 81554 10004 501054,1 501244,1 501204,1 501224,6 21
/giveart 81514 15010 501054,1 501064,1 501204,1 501224,6 21
/giveart 81534 30950 501054,1 501064,1 501244,1 501204,6 21

凯亚（二冰+二宗室）
/giveart 71544 10001 501054,1 501064,1 501204,6 501224,1 21
/giveart 71524 10003 501064,1 501244,1 501204,1 501224,6 21
/giveart 81554 10004 501054,1 501244,1 501204,1 501224,6 21
/giveart 81514 15010 501054,1 501064,1 501204,1 501224,6 21
/giveart 81534 30950 501054,1 501064,1 501244,1 501204,6 21

九条裟罗（宗室套）
/giveart 81544 10001 501054,1 501064,1 501204,6 501224,1 21
/giveart 81524 10003 501064,1 501244,1 501204,1 501224,6 21
/giveart 81554 10004 501054,1 501244,1 501204,1 501224,6 21
/giveart 81514 15009 501054,1 501064,1 501204,1 501224,6 21
/giveart 81534 30950 501054,1 501064,1 501244,1 501204,6 21

九条裟罗2（绝缘套）
/giveart 94544 10001 501234,1 501064,1 501204,6 501224,1 21
/giveart 94524 10003 501064,1 501234,1 501204,1 501224,6 21
/giveart 94554 10007 501054,1 501064,1 501204,1 501224,6 21
/giveart 94514 15009 501054,1 501064,1 501204,1 501224,6 21
/giveart 94534 30950 501054,1 501064,1 501234,1 501204,6 21

诺艾尔（逆飞的流星套+无工之剑）
/give 12504 1 90 5
/giveart 89544 10001 501094,1 501064,1 501204,6 501224,1 21
/giveart 89524 10003 501064,1 501094,1 501204,1 501224,6 21
/giveart 89554 10006 501084,1 501064,1 501204,1 501224,6 21
/giveart 89514 15013 501094,1 501064,1 501204,1 501224,6 21
/giveart 89534 30950 501084,1 501094,1 501064,1 501204,6 21

凝光（二磐岩+二宗室+尘世之锁）
/give 14504 1 90 5
/giveart 88544 10001 501054,1 501064,1 501204,6 501224,1 21
/giveart 88524 10003 501064,1 501244,1 501204,1 501224,6 21
/giveart 81554 10004 501054,1 501244,1 501204,1 501224,6 21
/giveart 81514 15013 501054,1 501064,1 501204,1 501224,6 21
/giveart 81534 30950 501054,1 501064,1 501244,1 501204,6 21

早柚（风套+狼的末路）
/give 12502 1 90 5
/giveart 76544 10001 501054,1 501064,1 501204,6 501224,1 21
/giveart 76524 10003 501064,1 501244,1 501204,1 501224,6 21
/giveart 76554 10004 501054,1 501244,1 501204,1 501224,6 21
/giveart 76514 15012 501054,1 501064,1 501204,1 501224,6 21
/giveart 76534 30950 501054,1 501064,1 501244,1 501204,6 21

凯亚（二冰+二宗室）
/giveart 71544 10001 501054,1 501064,1 501204,6 501224,1 21
/giveart 71524 10003 501064,1 501244,1 501204,1 501224,6 21
/giveart 81554 10004 501054,1 501244,1 501204,1 501224,6 21
/giveart 81514 15010 501054,1 501064,1 501204,1 501224,6 21
/giveart 81534 30950 501054,1 501064,1 501244,1 501204,6 21

凯亚2（绝缘套）
/giveart 94544 10001 501234,1 501064,1 501204,6 501224,1 21
/giveart 94524 10003 501064,1 501234,1 501204,1 501224,6 21
/giveart 94554 10007 501054,1 501064,1 501204,1 501224,6 21
/giveart 94514 15010 501054,1 501064,1 501204,1 501224,6 21
/giveart 94534 30950 501054,1 501064,1 501234,1 501204,6 21

菲谢尔（如雷套）
/giveart 79544 10001 501054,1 501064,1 501204,6 501224,1 21
/giveart 79524 10003 501064,1 501244,1 501204,1 501224,6 21
/giveart 79554 10004 501054,1 501244,1 501204,1 501224,6 21
/giveart 79514 15009 501054,1 501064,1 501204,1 501224,6 21
/giveart 79534 30950 501054,1 501064,1 501244,1 501204,6 21

北斗（二如雷+二宗室+狼的末路）
/give 12502 1 90 5
/giveart 79544 10001 501054,1 501064,1 501204,6 501224,1 21
/giveart 79524 10003 501064,1 501244,1 501204,1 501224,6 21
/giveart 81554 10004 501054,1 501244,1 501204,1 501224,6 21
/giveart 81514 15009 501054,1 501064,1 501204,1 501224,6 21
/giveart 81534 30950 501054,1 501064,1 501244,1 501204,6 21

北斗2（绝缘套+狼的末路）
/give 12502 1 90 5
/giveart 94544 10001 501234,1 501064,1 501204,6 501224,1 21
/giveart 94524 10003 501064,1 501234,1 501204,1 501224,6 21
/giveart 94554 10007 501054,1 501064,1 501204,1 501224,6 21
/giveart 94514 15009 501054,1 501064,1 501204,1 501224,6 21
/giveart 94534 30950 501054,1 501064,1 501234,1 501204,6 21

雷泽（苍白套+松籁响起之时）
/give 12503 1 90 5
/giveart 92544 10001 501054,1 501064,1 501204,6 501224,1 21
/giveart 92524 10003 501064,1 501244,1 501204,1 501224,6 21
/giveart 92554 10004 501054,1 501244,1 501204,1 501224,6 21
/giveart 92514 15015 501054,1 501064,1 501204,1 501224,6 21
/giveart 92534 30950 501054,1 501064,1 501244,1 501204,6 21

丽莎（如雷套）
/giveart 79544 10001 501054,1 501064,1 501204,6 501224,1 21
/giveart 79524 10003 501064,1 501244,1 501204,1 501224,6 21
/giveart 79554 10004 501054,1 501244,1 501204,1 501224,6 21
/giveart 79514 15009 501054,1 501064,1 501204,1 501224,6 21
/giveart 79534 30950 501054,1 501064,1 501244,1 501204,6 21

芭芭拉（少女套+讨龙英杰谭）
/give 14302 1 90 5
/giveart 74544 10001 501034,6 501064,1 501204,1 501224,1 21
/giveart 74524 10003 501034,6 501064,1 501204,1 501224,1 21
/giveart 74554 10002 501024,6 501064,1 501204,1 501224,1 21
/giveart 74514 30940 501024,6 501064,1 501204,1 501224,1 21
/giveart 74534 10002 501024,6 501064,1 501204,1 501224,1 21

托马（血牛套+黑缨枪=49372生命值）
/give 13303 1 90 5
/giveart 91544 10001 501034,6 501064,1 501204,1 501224,1 21
/giveart 91524 10003 501024,1 501034,6 501204,1 501224,1 21
/giveart 91554 10002 501024,6 501064,1 501204,1 501224,1 21
/giveart 91514 10002 501024,6 501064,1 501204,1 501224,1 21
/giveart 91534 10002 501024,6 501064,1 501204,1 501224,1 21

烟绯（魔女套）
/giveart 80544 10001 501244,1 501064,1 501204,6 501224,1 21
/giveart 80524 10003 501064,1 501244,1 501204,1 501224,6 21
/giveart 80554 10004 501054,1 501244,1 501204,1 501224,6 21
/giveart 80514 15008 501244,6 501064,1 501204,1 501224,1 21
/giveart 80534 30950 501054,1 501064,1 501244,1 501204,6 21

辛焱（二苍白+二骑士+赤角石溃杵）
/give 12510 1 90 5
/giveart 92544 10001 501064,1 501094,1 501204,6 501224,1 21
/giveart 92524 10003 501064,1 501094,1 501204,1 501224,6 21
/giveart 82554 10006 501084,1 501064,1 501204,1 501224,6 21
/giveart 82514 15015 501094,1 501064,1 501204,1 501224,6 21
/giveart 82534 30950 501084,1 501094,1 501064,1 501204,6 21

安柏（魔女套）
/giveart 80544 10001 501244,1 501064,1 501204,6 501224,1 21
/giveart 80524 10003 501064,1 501244,1 501204,1 501224,6 21
/giveart 80554 10004 501054,1 501244,1 501204,1 501224,6 21
/giveart 80514 15008 501244,6 501064,1 501204,1 501224,1 21
/giveart 80534 30950 501054,1 501064,1 501244,1 501204,6 21