/giveart <artifactld> <mainPropld> <appendPropld>, <times> level
/giveart <圣遗物> <主词条> <副词条>, <副词条等级> 圣遗物等级

/spawn 24010301 72 1
/spawn 21010101 72 20

神里绫人毕业圣遗物
/giveart 98544 10001 501054,1 501064,1 501204,1 501224,6 21
/giveart 98524 10003 501064,1 501244,1 501204,1 501224,6 21
/giveart 98554 10004 501054,1 501244,1 501204,1 501224,6 21
/giveart 98514 15011 501054,1 501064,1 501204,1 501224,6 21
/giveart 98534 30950 501054,1 501064,1 501244,1 501204,6 21

魈毕业圣遗物
/giveart 97544 10001 501054,1 501064,1 501204,1 501224,6 21
/giveart 97524 10003 501064,1 501244,1 501204,1 501224,6 21
/giveart 97554 10004 501054,1 501244,1 501204,1 501224,6 21
/giveart 97514 15012 501054,1 501064,1 501204,1 501224,6 21
/giveart 97534 30950 501054,1 501064,1 501244,1 501204,6 21

温迪毕业圣遗物
/giveart 24654 10001 501054,1 501064,1 501204,6 501224,1 21
/giveart 24652 10003 501064,1 501244,1 501204,1 501224,6 21
/giveart 24655 10004 501054,1 501244,1 501204,1 501224,6 21
/giveart 24651 15012 501054,1 501064,1 501204,1 501224,6 21
/giveart 24653 30950 501054,1 501064,1 501244,1 501204,6 21

雷电将军毕业圣遗物
/giveart 24804 10001 501054,1 501064,1 501204,6 501224,1 21
/giveart 94524 10003 501064,1 501234,1 501204,1 501224,6 21
/giveart 94554 10007 501054,1 501064,1 501204,1 501224,6 21
/giveart 94514 15009 501054,1 501064,1 501204,1 501224,6 21
/giveart 94534 30950 501054,1 501064,1 501234,1 501204,6 21

荒龙一斗毕业圣遗物
/giveart 95544 10001 501054,1 501064,1 501204,1 501224,6 21
/giveart 95524 10003 501064,1 501244,1 501204,1 501224,6 21
/giveart 95554 10006 501054,1 501064,1 501204,1 501224,6 21
/giveart 95514 15013 501054,1 501064,1 501204,1 501224,6 21
/giveart 95534 30950 501054,1 501064,1 501244,1 501204,6 21

八重神子毕业圣遗物
/giveart 23444 10001 501054,1 501064,1 501204,1 501224,6 21
/giveart 23442 10003 501064,1 501244,1 501204,1 501224,6 21
/giveart 23445 10004 501054,1 501244,1 501204,1 501224,6 21
/giveart 23441 15009 501054,1 501064,1 501204,1 501224,6 21
/giveart 23443 30950 501054,1 501064,1 501244,1 501204,6 21

优菈毕业圣遗物
/giveart 23554 10001 501054,1 501064,1 501204,6 501224,1 21
/giveart 24662 10003 501064,1 501244,1 501204,1 501224,6 21
/giveart 24665 10004 501054,1 501244,1 501204,1 501224,6 21
/giveart 92514 15015 501054,1 501064,1 501204,1 501224,6 21
/giveart 92534 30950 501054,1 501064,1 501244,1 501204,6 21

刻晴毕业圣遗物
/giveart 23444 10001 501054,1 501064,1 501204,6 501224,1 21
/giveart 23442 10003 501064,1 501244,1 501204,1 501224,6 21
/giveart 23445 10004 501054,1 501244,1 501204,1 501224,6 21
/giveart 23441 15009 501054,1 501064,1 501204,1 501224,6 21
/giveart 23443 30950 501054,1 501064,1 501244,1 501204,6 21

阿贝多毕业圣遗物
/giveart 95544 10001 501054,1 501064,1 501204,6 501224,1 21
/giveart 95524 10003 501064,1 501244,1 501204,1 501224,6 21
/giveart 95554 10006 501054,1 501064,1 501204,1 501224,6 21
/giveart 95514 15013 501054,1 501064,1 501204,1 501224,6 21
/giveart 95534 30950 501054,1 501064,1 501244,1 501204,6 21

钟离毕业圣遗物
/giveart 24224 10001 501054,1 501064,1 501204,6 501224,1 21
/giveart 24222 10003 501064,1 501244,1 501204,1 501224,6 21
/giveart 24225 10002 501054,1 501064,1 501204,1 501224,6 21
/giveart 24221 15013 501054,1 501064,1 501204,1 501224,6 21
/giveart 24223 30950 501054,1 501064,1 501244,1 501204,6 21

琴毕业圣遗物
/giveart 24654 10001 501054,1 501064,1 501204,6 501224,1 21
/giveart 24652 10003 501064,1 501244,1 501204,1 501224,6 21
/giveart 24655 10004 501054,1 501244,1 501204,1 501224,6 21
/giveart 24651 15012 501054,1 501064,1 501204,1 501224,6 21
/giveart 24653 30950 501054,1 501064,1 501244,1 501204,6 21

万叶毕业圣遗物
/giveart 24654 10001 501064,1 501244,6 501204,1 501224,1 21
/giveart 24652 10003 501064,1 501244,6 501204,1 501224,1 21
/giveart 24655 10008 501054,1 501064,1 501204,6 501224,1 21
/giveart 24651 10008 501054,1 501064,1 501204,6 501224,1 21
/giveart 24653 10008 501054,1 501064,1 501204,6 501224,1 21

申鹤毕业圣遗物
/giveart 93544 10001 501054,1 501064,1 501204,6 501224,1 21
/giveart 93524 10003 501064,1 501244,1 501204,6 501224,1 21
/giveart 24765 10004 501054,1 501244,1 501204,1 501224,6 21
/giveart 24761 10004 501054,1 501244,1 501204,1 501224,6 21
/giveart 24763 10004 501054,1 501244,1 501204,1 501224,6 21

神里绫华毕业圣遗物
/giveart 23454 10001 501054,1 501064,1 501204,1 501224,6 21
/giveart 23452 10003 501064,1 501244,1 501204,1 501224,6 21
/giveart 23455 10004 501054,1 501244,1 501204,1 501224,6 21
/giveart 23451 15010 501054,1 501064,1 501204,1 501224,6 21
/giveart 23453 30950 501054,1 501064,1 501244,1 501204,6 21

珊瑚宫心海毕业圣遗物
/giveart 96544 10001 501054,1 501064,1 501244,1 501034,6 21
/giveart 96524 10003 501064,1 501244,1 501024,1 501034,6 21
/giveart 96554 10002 501054,1 501064,1 501244,1 501024,6 21
/giveart 96514 15011 501054,1 501064,1 501244,1 501034,6 21
/giveart 96534 10002 501054,1 501064,1 501244,1 501024,6 21

宵宫毕业圣遗物
/giveart 98544 10001 501054,1 501064,1 501204,1 501224,6 21
/giveart 98524 10003 501064,1 501244,1 501204,1 501224,6 21
/giveart 98554 10004 501054,1 501244,1 501204,1 501224,6 21
/giveart 98514 15008 501054,1 501064,1 501204,1 501224,6 21
/giveart 98534 30950 501054,1 501064,1 501244,1 501204,6 21

班尼特毕业圣遗物
/giveart 24674 10001 501054,1 501064,1 501204,6 501224,1 21
/giveart 24672 10003 501064,1 501244,1 501204,1 501224,6 21
/giveart 24675 10004 501054,1 501244,1 501204,1 501224,6 21
/giveart 24671 15008 501054,1 501064,1 501204,1 501224,6 21
/giveart 24673 30950 501054,1 501064,1 501244,1 501204,6 21

胡桃毕业圣遗物
/giveart 24684 10001 501244,1 501064,1 501204,6 501224,1 21
/giveart 24682 10003 501064,1 501244,1 501204,1 501224,6 21
/giveart 24685 10002 501054,1 501244,1 501204,1 501224,6 21
/giveart 24681 15008 501244,6 501064,1 501204,1 501224,1 21
/giveart 24683 30950 501054,1 501064,1 501244,6 501204,1 21

迪卢克毕业圣遗物
/giveart 24684 10001 501244,2 501064,1 501204,1 501224,4 21
/giveart 24682 10003 501064,1 501244,1 501204,1 501224,6 21
/giveart 24685 10004 501054,1 501244,1 501204,1 501224,6 21
/giveart 24681 15008 501244,1 501064,1 501204,1 501224,6 21
/giveart 24683 30950 501054,1 501064,1 501244,1 501204,6 21

香菱毕业圣遗物
/giveart 24684 10001 501244,2 501064,1 501204,1 501224,4 21
/giveart 24682 10003 501064,1 501244,1 501204,1 501224,6 21
/giveart 24685 10004 501054,1 501244,1 501204,1 501224,6 21
/giveart 24681 15008 501244,1 501064,1 501204,1 501224,6 21
/giveart 24683 30950 501054,1 501064,1 501244,1 501204,6 21